P3
10
13
255
252 25 63 252 25 63 252 25 63 252 25 63 252 25 63 252 25 63 252 25 63 252 25 63 216 216 216 251 251 251 
252 25 63 252 25 63 145 145 145 180 180 180 251 251 251 255 255 255 0 0 0 77 77 77 252 25 63 252 25 63 
252 25 63 252 25 63 252 25 63 252 25 63 252 25 63 255 255 255 0 0 0 45 45 45 216 216 216 251 251 251 
31 253 13 31 253 13 74 74 74 145 145 145 216 216 216 31 253 13 0 0 0 45 45 45 216 216 216 251 251 251 
252 25 63 252 25 63 31 253 13 145 145 145 31 253 13 255 255 255 31 253 13 45 45 45 216 216 216 251 251 251 
252 25 63 252 25 63 74 74 74 31 253 13 216 216 216 255 255 255 3 3 3 31 253 13 31 253 13 31 253 13 
252 25 63 252 25 63 252 25 63 145 145 145 216 216 216 255 255 255 0 0 0 45 45 45 216 216 216 251 251 251 
252 25 63 252 25 63 252 25 63 252 25 63 252 25 63 252 25 63 252 25 63 252 25 63 252 25 63 252 25 63 
252 25 63 252 25 63 252 25 63 252 25 63 252 25 63 252 25 63 252 25 63 252 25 63 252 25 63 252 25 63 
252 25 63 252 25 63 252 25 63 252 25 63 252 25 63 252 25 63 252 25 63 252 25 63 252 25 63 252 25 63 
252 25 63 252 25 63 252 25 63 252 25 63 252 25 63 252 25 63 252 25 63 252 25 63 252 25 63 252 25 63 
252 25 63 252 25 63 252 25 63 252 25 63 252 25 63 252 25 63 252 25 63 252 25 63 252 25 63 252 25 63 
252 25 63 252 25 63 252 25 63 252 25 63 252 25 63 252 25 63 252 25 63 252 25 63 252 25 63 252 25 63 
